124,484
0,0
音量-:13,79|40,98|20,-30|26,86|1|REMOTE2_VOL_MINUS
资讯:91,106|110,121|-10,-60|101,110|1|REMOTE2_BLUE_KEY
0:49,400|76,419|-20,-85|62,403|-1|REMOTE2_KEY_ZERO
OK:43,162|81,194|-40,-95|62,172|1|REMOTE2_OK
点播:65,106|84,121|10,-40|75,111|1|REMOTE2_YELLOW_KEY
#返回:14,205|23,205|32,214|42,217|42,224|14,225|23,211|2|REMOTE2_BACK
停止:90,231|109,250|-10,-65|100,235|2|REMOTE2_STOP
频道+:82,255|111,280|-20,-81|96,265|-1|REMOTE2_CHANNEL_PLUS
播放:66,231|87,251|-20,-78|76,235|2|REMOTE2_PLAY_PAUSE
声道:58,54|79,74|-10,-60|69,64|1|REMOTE2_AUDIO_TRACK
+:14,257|42,279|-9,-66|28,266|-1|REMOTE2_VOL_PLUS
9:82,371|110,391|20,-42|97,375|-1|REMOTE2_KEY_NINE	
#下:47,194|39,204|53,212|65,213|77,209|86,205|79,195|67,197|56,197|62,200|1|REMOTE2_DOWN_CURSOR
#左:32,157|41,166|39,172|38,179|40,191|30,200|24,193|20,179|20,169|21,165|25,160|30,172|2|REMOTE2_LEFT_CURSOR
2:49,316|77,336|-19,-83|63,321|-1|REMOTE2_KEY_TWO
-:15,281|43,306|-9,-70|28,291|1|REMOTE2_VOL_MINUS
6:83,343|111,363|-20,-85|97,348|-1|REMOTE2_KEY_SIX		
7:15,372|43,389|-19,-86|28,375|-1|REMOTE2_KEY_SEVEN	
回看:39,106|59,121|10,-40|49,110|1|REMOTE2_GREEN_KEY
TV/AV:64,25|83,41|-10,-60|73,32|1|
1:15,317|43,336|-18,-82|28,321|-1|REMOTE2_KEY_ONE		
删除:83,400|110,419|-20,-85|97,403|-1|REMOTE2_DEL
8:49,372|76,390|-20,-85|62,375|-1|REMOTE2_KEY_EIGHT	
待机2:88,24|110,46|20,-30|99,34|1|REMOTE2_POWER_OFF
待机1:14,24|36,45|-20,-74|25,35|1|REMOTE2_POWER_OFF
下页:51,285|76,303|-18,-81|63,289|-1|REMOTE2_FORWARD
5:49,343|76,364|-20,-84|62,349|-1|REMOTE2_KEY_FIVE	
静音:90,55|111,73|-10,-60|100,63|1|REMOTE2_VOLUME_MUTE
设置2:59,82|80,98|-9,-59|69,88|1|REMOTE2_SYS
音量+:14,54|39,78|20,-30|26,68|-1|REMOTE2_VOL_PLUS
设置:42,27|59,40|-9,-59|50,33|1|REMOTE2_SYS
#上:38,147|44,143|54,140|65,140|77,143|86,148|82,155|80,158|71,156|66,155|62,155|49,157|47,159|62,145|1|REMOTE2_UP_CURSOR
4:16,343|43,364|-18,-84|28,348|-1|REMOTE2_KEY_FOUR	
3:83,316|111,334|-20,-84|97,321|-1|REMOTE2_KEY_THREE	
<<:14,230|34,251|-20,-78|25,235|2|REMOTE2_FAST_REWIND
上页:51,260|76,278|-19,-80|63,264|-1|REMOTE2_REWIND
定位:90,79|111,97|10,-40|100,87|1|REMOTE2_LOCATION
#菜单:15,129|41,130|41,135|33,139|26,146|15,146|22,134|1|REMOTE2_MENU
>>:39,231|57,250|11,-45|47,235|2|REMOTE2_FAST_FORWARD
直播:13,106|32,121|0,-50|23,110|1|REMOTE2_RED_KEY
#信息:99,205|108,205|108,223|84,223|83,216|93,214|102,210|2|REMOTE2_INFO
#应用:101,147|109,148|108,130|84,130|84,135|95,140|102,134|1|REMOTE2_APPLICATION
#右:84,166|94,156|102,165|104,177|102,193|96,203|85,194|87,186|88,179|94,172|2|REMOTE2_RIGHT_CURSOR
频道-:83,282|110,307|-11,-69|96,292|1|REMOTE2_CHANNEL_MINUS
-/--:15,399|42,419|-19,-85|28,403|-1|REMOTE2_INPUT_MODE
