124,492
0,50
2:53,261|74,282|-60,-60|63,272|-1|REMOTE2_KEY_TWO
4:14,291|39,314|-60,-60|26,302|-1|REMOTE2_KEY_FOUR	
-:86,99|109,120|-20,-20|97,109|1|REMOTE2_VOL_MINUS
#上:77,149|86,134|77,130|64,128|47,129|37,133|36,135|47,150|54,147|62,146|70,146|62,134|1|REMOTE2_UP_CURSOR
1:15,260|38,283|-60,-60|26,272|-1|REMOTE2_KEY_ONE		
0:52,352|74,373|-60,-60|63,364|-1|REMOTE2_KEY_ZERO
返回:15,230|37,252|-60,-60|26,241|1|REMOTE2_BACK
#右:77,150|86,133|98,144|106,156|110,174|106,196|97,208|90,214|80,197|89,187|91,178|91,168|87,158|103,174|2|REMOTE2_RIGHT_CURSOR
设置:52,230|73,252|-60,-60|62,241|1|REMOTE2_SYS
9:86,322|109,344|-60,-60|97,333|-1|REMOTE2_KEY_NINE	
+:15,96|37,119|-20,-20|26,108|-1|REMOTE2_VOL_PLUS
待机2:15,66|37,89|-20,-20|26,78|1|REMOTE2_POWER_OFF
-/--:15,352|38,375|-60,-60|26,363|-1|REMOTE2_INPUT_MODE
#下:48,200|37,215|46,220|58,223|71,222|79,219|85,215|90,212|80,199|70,204|62,204|57,205|62,215|1|REMOTE2_DOWN_CURSOR
8:52,322|74,343|-60,-60|63,333|-1|REMOTE2_KEY_EIGHT	
菜单:87,229|109,252|-60,-60|98,241|1|REMOTE2_MENU
播放:52,99|74,120|-20,-20|62,109|2|REMOTE2_PLAY_PAUSE
3:87,260|109,283|-60,-60|98,272|-1|REMOTE2_KEY_THREE	
#左:44,153|31,140|19,152|14,166|14,181|19,197|28,209|40,193|36,186|34,176|34,167|21,174|2|REMOTE2_LEFT_CURSOR
静音:88,67|109,89|-20,-20|98,78|1|REMOTE2_VOLUME_MUTE
5:52,291|73,312|-60,-60|62,302|-1|REMOTE2_KEY_FIVE	
OK:33,144|92,204|-60,-60|62,174|1|REMOTE2_OK
删除:87,353|109,375|-60,-60|98,364|-1|REMOTE2_DEL
6:87,291|108,313|-60,-60|98,302|-1|REMOTE2_KEY_SIX		
7:15,321|38,344|-60,-60|26,333|-1|REMOTE2_KEY_SEVEN	
