124,486
0,0
上页:51,260|76,278|-19,-80|63,266|-1|REMOTE2_REWIND
频道+:82,255|111,280|-20,-81|96,264|-1|REMOTE2_CHANNEL_PLUS
2:49,316|77,336|-19,-83|63,321|-1|REMOTE2_KEY_TWO
<<:14,230|34,251|-20,-78|25,236|2|REMOTE2_FAST_REWIND
回看:39,106|59,121|10,-40|50,113|1|REMOTE2_GREEN_KEY
3:83,316|111,334|-20,-84|96,321|-1|REMOTE2_KEY_THREE	
#信息:99,205|108,205|108,223|84,223|83,216|93,214|99,214|2|REMOTE2_INFO
4:16,343|43,364|-18,-84|29,348|-1|REMOTE2_KEY_FOUR	
#下:47,194|39,204|53,212|65,213|77,209|86,205|79,195|67,197|56,197|62,201|1|REMOTE2_DOWN_CURSOR
资讯:91,106|110,121|-10,-60|101,112|1|REMOTE2_BLUE_KEY
声道:58,54|79,74|-10,-60|69,66|1|REMOTE2_AUDIO_TRACK
待机1:15,28|37,49|-19,-70|26,39|1|REMOTE2_POWER_OFF
定位:90,79|111,97|10,-40|100,90|1|REMOTE2_LOCATION
#上:38,147|44,143|54,140|65,140|77,143|86,148|82,155|80,158|71,156|66,155|62,155|49,157|47,159|62,147|1|REMOTE2_UP_CURSOR
频道-:83,282|110,307|-11,-69|96,290|1|REMOTE2_CHANNEL_MINUS
#返回:14,205|23,205|32,214|42,217|42,224|14,225|25,212|2|REMOTE2_BACK
音量+:14,54|39,78|20,-30|28,68|-1|REMOTE2_VOL_PLUS
播放:66,231|87,251|-20,-78|76,236|2|REMOTE2_PLAY_PAUSE
下页:51,285|76,303|-18,-81|63,290|-1|REMOTE2_FORWARD
7:15,372|43,389|-19,-86|29,375|-1|REMOTE2_KEY_SEVEN	
点播:65,106|84,121|10,-40|75,113|1|REMOTE2_YELLOW_KEY
+:14,257|42,279|-9,-66|29,264|-1|REMOTE2_VOL_PLUS
OK:43,162|81,194|-40,-95|63,174|1|REMOTE2_OK
#右:84,166|94,156|102,165|104,177|102,193|96,203|85,194|87,186|88,179|94,174|2|REMOTE2_RIGHT_CURSOR
静音:90,55|111,73|-10,-60|100,66|1|REMOTE2_VOLUME_MUTE
直播:13,106|32,121|0,-50|25,113|1|REMOTE2_RED_KEY
0:50,398|77,417|-19,-87|63,402|-1|REMOTE2_KEY_ZERO
#左:32,157|41,166|39,172|38,179|40,191|30,200|24,193|20,179|20,169|21,165|25,160|30,174|2|REMOTE2_LEFT_CURSOR
-:15,281|43,306|-9,-70|29,290|1|REMOTE2_VOL_MINUS
TV/AV:64,28|83,44|-10,-57|73,36|1|
#应用:101,148|109,149|108,131|84,131|84,136|95,141|102,137|1|REMOTE2_APPLICATION
停止:90,231|109,250|-10,-65|100,236|2|REMOTE2_STOP
8:49,372|76,390|-20,-85|63,375|-1|REMOTE2_KEY_EIGHT	
#菜单:15,130|41,131|41,136|33,140|26,147|15,147|24,137|1|REMOTE2_MENU
删除:84,398|111,417|-19,-87|96,403|-1|REMOTE2_DEL
待机2:88,27|110,49|20,-27|99,38|1|REMOTE2_POWER_OFF
音量-:13,79|40,98|20,-30|27,88|1|REMOTE2_VOL_MINUS
设置2:59,82|80,98|-9,-59|69,90|1|REMOTE2_SYS
1:15,317|43,336|-18,-82|29,321|-1|REMOTE2_KEY_ONE		
5:49,343|76,364|-20,-84|63,348|-1|REMOTE2_KEY_FIVE	
9:82,371|110,391|20,-42|96,375|-1|REMOTE2_KEY_NINE	
设置:42,29|59,42|-9,-57|51,36|1|REMOTE2_SYS
>>:39,231|57,250|11,-45|47,236|2|REMOTE2_FAST_FORWARD
6:83,343|111,363|-20,-85|97,348|-1|REMOTE2_KEY_SIX		
-/--:16,399|43,419|-18,-85|29,402|-1|REMOTE2_INPUT_MODE
